date;MVDA10
20141231;100
20150101;85.89
20150102;85.62
20150103;69.99
20150104;69.91
20150105;69.98
20150106;71.5
20150107;73.08
20150108;68.65
20150109;69.17
20150110;63.77
20150111;62.95
20150112;66.1
20150113;56.47
20150114;42.84
20150115;52.2
20150116;54.29
20150117;51.81
20150118;51.94
20150119;50.12
20150120;49.37
20150121;51.68
20150122;54.69
20150123;52.66
20150124;59.75
20150125;64.25
20150126;64.83
20150127;84.9
20150128;57.03
20150129;56.87
20150130;56.6
20150131;54.2
20150201;54.96
20150202;52.76
20150203;51.96
20150204;51.38
20150205;48.8
20150206;51.12
20150207;52.21
20150208;50.8
20150209;50.78
20150210;51.28
20150211;75.38
20150212;51.77
20150213;54.83
20150214;57.55
20150215;52.49
20150216;52.26
20150217;53.84
20150218;52.06
20150219;53.91
20150220;53.02
20150221;53.08
20150222;51.49
20150223;52.3
20150224;53.11
20150225;53.09
20150226;54.46
20150227;56.08
20150228;55.86
20150301;56.57
20150302;58.7
20150303;57.76
20150304;56.64
20150305;56.68
20150306;57.04
20150307;57.56
20150308;56.53
20150309;58.55
20150310;58.56
20150311;59.01
20150312;58.8
20150313;57.86
20150314;57.26
20150315;57.42
20150316;57.45
20150317;56.45
20150318;51.85
20150319;52.78
20150320;52.83
20150321;51.48
20150322;52.69
20150323;51.31
20150324;47.71
20150325;47.71
20150326;47.99
20150327;48.47
20150328;49.27
20150329;47.38
20150330;47.9
20150331;46.72
20150401;47.4
20150402;48.35
20150403;50.04
20150404;49.16
20150405;49.79
20150406;49.08
20150407;49.47
20150408;48.51
20150409;47.28
20150410;45.39
20150411;44.44
20150412;44.31
20150413;42.27
20150414;41.13
20150415;42
20150416;42.85
20150417;42.35
20150418;42.43
20150419;42.06
20150420;42.29
20150421;43.56
20150422;43.34
20150423;43.32
20150424;42.57
20150425;42.25
20150426;40.7
20150427;42.06
20150428;40.97
20150429;41.4
20150430;43.05
20150501;42.27
20150502;42.57
20150503;42.8
20150504;42.51
20150505;41.62
20150506;40.97
20150507;41.74
20150508;42.09
20150509;41.74
20150510;41.28
20150511;41.42
20150512;41.8
20150513;40.67
20150514;40.91
20150515;41.05
20150516;40.78
20150517;40.45
20150518;38.81
20150519;41.12
20150520;41.27
20150521;41.44
20150522;44.98
20150523;45.47
20150524;45.69
20150525;45.15
20150526;45.39
20150527;46.05
20150528;48.53
20150529;50.53
20150530;47.56
20150531;46.3
20150601;43.58
20150602;46.06
20150603;45.51
20150604;44.84
20150605;45.96
20150606;46.11
20150607;46.03
20150608;47.02
20150609;47.15
20150610;46.58
20150611;46.79
20150612;46.74
20150613;47.79
20150614;48.58
20150615;50.17
20150616;57.31
20150617;58.31
20150618;60.84
20150619;60.54
20150620;61.15
20150621;59.69
20150622;60.67
20150623;59.74
20150624;58.78
20150625;59.65
20150626;60.02
20150627;62.2
20150628;61.96
20150629;66.97
20150630;67.84
20150701;66.75
20150702;67.04
20150703;67.64
20150704;67.62
20150705;69.36
20150706;71.01
20150707;70.83
20150708;74.39
20150709;81.7
20150710;67
20150711;67.41
20150712;73.76
20150713;68.28
20150714;67.94
20150715;65.35
20150716;61.3
20150717;62.6
20150718;62.55
20150719;61.16
20150720;62.57
20150721;61.15
20150722;61.58
20150723;61.03
20150724;66.56
20150725;67.09
20150726;67.92
20150727;68.53
20150728;70.14
20150729;68
20150730;67.14
20150731;66.42
20150801;64.27
20150802;64.55
20150803;64.28
20150804;65.47
20150805;64.86
20150806;62.52
20150807;63.49
20150808;60.94
20150809;62.84
20150810;62.14
20150811;62.75
20150812;62.04
20150813;61.02
20150814;62.18
20150815;60.81
20150816;60.12
20150817;60.5
20150818;58.35
20150819;53.94
20150820;56.04
20150821;55.67
20150822;54.66
20150823;53.32
20150824;49.55
20150825;50.28
20150826;50.98
20150827;50.4
20150828;51.74
20150829;51.92
20150830;51.96
20150831;51.76
20150901;52.05
20150902;50.41
20150903;49.92
20150904;51.43
20150905;52.51
20150906;53.99
20150907;53.37
20150908;53.63
20150909;51.97
20150910;52.02
20150911;50.5
20150912;51.2
20150913;49.09
20150914;48.98
20150915;49.25
20150916;48.76
20150917;49.42
20150918;49.65
20150919;49.26
20150920;49.23
20150921;48.85
20150922;48.23
20150923;47.87
20150924;47.61
20150925;47.34
20150926;47.13
20150927;46.55
20150928;46.32
20150929;44.7
20150930;45.67
20151001;44.78
20151002;45.56
20151003;44.57
20151004;43.46
20151005;43.26
20151006;45.66
20151007;44.14
20151008;43.47
20151009;44.47
20151010;44.53
20151011;45.08
20151012;45.2
20151013;45.28
20151014;44.64
20151015;45.03
20151016;45.29
20151017;44.93
20151018;43.86
20151019;44.17
20151020;43.42
20151021;43.01
20151022;45.01
20151023;44.32
20151024;44.79
20151025;44.99
20151026;45.43
20151027;46.87
20151028;48.56
20151029;52.61
20151030;54.21
20151031;49.98
20151101;52.79
20151102;55.99
20151103;60.41
20151104;55.01
20151105;53.1
20151106;52.63
20151107;53.85
20151108;52.83
20151109;52.82
20151110;48.83
20151111;44.95
20151112;49.38
20151113;49.12
20151114;48.63
20151115;47.08
20151116;48.73
20151117;49.08
20151118;49.33
20151119;47.83
20151120;47.43
20151121;48.19
20151122;47.92
20151123;47.57
20151124;47.25
20151125;48.46
20151126;50.58
20151127;50.84
20151128;50.82
20151129;52.03
20151130;51.97
20151201;49.96
20151202;49.7
20151203;50.19
20151204;51.9
20151205;54.88
20151206;55.27
20151207;56.24
20151208;61.42
20151209;65.59
20151210;64.13
20151211;70.07
20151212;66.97
20151213;67.86
20151214;65.35
20151215;63.39
20151216;62.83
20151217;63.19
20151218;62.61
20151219;61.97
20151220;61.52
20151221;59.59
20151222;59.44
20151223;59.51
20151224;60.61
20151225;62.4
20151226;58.56
20151227;60.39
20151228;59.76
20151229;59.63
20151230;60.01
20151231;59.83
20160101;59.99
20160102;60.7
20160103;59.93
20160104;60.2
20160105;60.06
20160106;59.88
20160107;61.39
20160108;61.17
20160109;61.54
20160110;61.3
20160111;61.84
20160112;62.45
20160113;60.96
20160114;60.64
20160115;55.4
20160116;55.83
20160117;57.5
20160118;58.35
20160119;56.11
20160120;62.02
20160121;61.13
20160122;58.66
20160123;62.1
20160124;63.77
20160125;65.69
20160126;67.04
20160127;73.64
20160128;69.87
20160129;71.52
20160130;69.33
20160131;66.98
20160201;67.34
20160202;69.38
20160203;69.74
20160204;72.21
20160205;73.19
20160206;74.3
20160207;76.34
20160208;75.97
20160209;80.04
20160210;84.37
20160211;95.93
20160212;90.86
20160213;91.85
20160214;93.79
20160215;93.71
20160216;87.56
20160217;84.64
20160218;88.58
20160219;89.65
20160220;90.92
20160221;92.06
20160222;98.15
20160223;97.32
20160224;100.92
20160225;99.17
20160226;99.96
20160227;102.18
20160228;103.17
20160229;103.08
20160301;108.93
20160302;113.01
20160303;116.53
20160304;119.29
20160305;122.86
20160306;123.36
20160307;117.55
20160308;119.39
20160309;128.52
20160310;127.78
20160311;130.39
20160312;138.23
20160313;146.81
20160314;133.64
20160315;136.77
20160316;135.95
20160317;126.38
20160318;122.77
20160319;121.79
20160320;119.46
20160321;129.76
20160322;125.51
20160323;132.9
20160324;126.63
20160325;124.8
20160326;125.89
20160327;123.42
20160328;127.11
20160329;128.04
20160330;127.12
20160331;125.91
20160401;126.34
20160402;127.08
20160403;126.8
20160404;125.26
20160405;122.68
20160406;122.91
20160407;119.19
20160408;117.34
20160409;113.13
20160410;110.54
20160411;110.9
20160412;107.31
20160413;109.06
20160414;112
20160415;111.4
20160416;113.2
20160417;116.28
20160418;116.18
20160419;116.91
20160420;117.33
20160421;115.85
20160422;114.75
20160423;117.22
20160424;117.51
20160425;115.75
20160426;116.12
20160427;113.89
20160428;112.2
20160429;114.16
20160430;117.46
20160501;117.71
20160502;121.7
20160503;119.37
20160504;118.35
20160505;119.84
20160506;119.52
20160507;119.94
20160508;119.95
20160509;120.08
20160510;117.74
20160511;120.87
20160512;121.63
20160513;123.37
20160514;122.11
20160515;121.75
20160516;126.05
20160517;130.47
20160518;134.92
20160519;138.96
20160520;135.74
20160521;137.13
20160522;137.51
20160523;134.7
20160524;130.76
20160525;130.4
20160526;130.46
20160527;127.81
20160528;133.28
20160529;136.48
20160530;139.76
20160531;144.5
20160601;146.69
20160602;146.22
20160603;149.72
20160604;149.63
20160605;150.19
20160606;151.47
20160607;151.67
20160608;152.05
20160609;151.9
20160610;151.14
20160611;152.63
20160612;164.9
20160613;175.08
20160614;182.71
20160615;180.7
20160616;196.86
20160617;178.01
20160618;167.26
20160619;170.96
20160620;164.78
20160621;156.7
20160622;150.19
20160623;152.14
20160624;159.76
20160625;159.79
20160626;154.14
20160627;156.45
20160628;152.86
20160629;154
20160630;155.84
20160701;157.17
20160702;158.42
20160703;153.48
20160704;153.72
20160705;148.39
20160706;149.45
20160707;142.94
20160708;151.31
20160709;148.47
20160710;148.15
20160711;146.51
20160712;148.93
20160713;147.61
20160714;151.21
20160715;154.33
20160716;153.48
20160717;152.7
20160718;150.83
20160719;153.07
20160720;155.47
20160721;156.83
20160722;163.35
20160723;162.68
20160724;159.06
20160725;161.26
20160726;160.55
20160727;160.75
20160728;160.62
20160729;162.08
20160730;160.79
20160731;154.23
20160801;151.17
20160802;130.52
20160803;145.39
20160804;148.51
20160805;149.18
20160806;151.84
20160807;148.71
20160808;148.53
20160809;150.22
20160810;148.15
20160811;146.47
20160812;147.29
20160813;147.47
20160814;144.54
20160815;143.43
20160816;144.18
20160817;141.93
20160818;141.87
20160819;142.68
20160820;144.74
20160821;143.38
20160822;142.8
20160823;141.12
20160824;139.57
20160825;139.22
20160826;138.86
20160827;136.49
20160828;135.15
20160829;137.14
20160830;136.94
20160831;137.41
20160901;139.64
20160902;140.58
20160903;142.32
20160904;145.67
20160905;144.95
20160906;143.91
20160907;143.26
20160908;143.27
20160909;143.99
20160910;145.82
20160911;140.14
20160912;141
20160913;141.15
20160914;141.66
20160915;145.85
20160916;144.18
20160917;144.98
20160918;143.2
20160919;145.35
20160920;151.41
20160921;145.55
20160922;144.04
20160923;147.46
20160924;146.82
20160925;148.05
20160926;145.76
20160927;147.61
20160928;149.98
20160929;148.32
20160930;148.06
20161001;144.8
20161002;145.79
20161003;146.17
20161004;143.95
20161005;141.73
20161006;141.29
20161007;140.26
20161008;139.18
20161009;138.68
20161010;137.59
20161011;139.02
20161012;138.41
20161013;139.34
20161014;138.97
20161015;138.09
20161016;138.79
20161017;137.89
20161018;140.36
20161019;138.71
20161020;140.26
20161021;140.15
20161022;141.26
20161023;140.55
20161024;139.82
20161025;137.08
20161026;139.21
20161027;138.57
20161028;135.57
20161029;133.68
20161030;137.23
20161031;135.27
20161101;135.38
20161102;136.7
20161103;133.54
20161104;136.63
20161105;137.98
20161106;136.95
20161107;137.9
20161108;138.28
20161109;136.84
20161110;136.06
20161111;136.11
20161112;134.4
20161113;134.9
20161114;134.55
20161115;135.41
20161116;134.92
20161117;134.23
20161118;132.91
20161119;133.28
20161120;131.28
20161121;131.81
20161122;134.04
20161123;132.58
20161124;129.01
20161125;130.55
20161126;129.73
20161127;127.93
20161128;126.67
20161129;124.13
20161130;127.58
20161201;127.1
20161202;123.59
20161203;124.47
20161204;121.93
20161205;115.87
20161206;120.47
20161207;126.5
20161208;125.86
20161209;127.32
20161210;125.04
20161211;126.32
20161212;127.62
20161213;128.59
20161214;127.61
20161215;126.06
20161216;127.4
20161217;125.97
20161218;128.41
20161219;127.93
20161220;127.61
20161221;130.42
20161222;131.01
20161223;133.24
20161224;133.87
20161225;132.82
20161226;133.5
20161227;136.44
20161228;143.53
20161229;148.57
20161230;148.1
20161231;148.37
20170101;149.73
20170102;155.03
20170103;163.47
20170104;181.26
20170105;164.73
20170106;154.71
20170107;152.2
20170108;156.09
20170109;156.5
20170110;160.79
20170111;144.54
20170112;146.92
20170113;147.52
20170114;147.99
20170115;148.07
20170116;146.59
20170117;155.45
20170118;154.01
20170119;157.11
20170120;158.1
20170121;162.1
20170122;160.94
20170123;161.8
20170124;157.08
20170125;156.46
20170126;158.95
20170127;158.87
20170128;159.42
20170129;159.02
20170130;161.5
20170131;164.36
20170201;165.29
20170202;167.17
20170203;168.45
20170204;171.29
20170205;169.59
20170206;171.13
20170207;173.19
20170208;173.74
20170209;163.79
20170210;167.56
20170211;169.33
20170212;168.15
20170213;168.11
20170214;178.88
20170215;179.44
20170216;179.95
20170217;179.97
20170218;179.96
20170219;180.66
20170220;178.67
20170221;182.33
20170222;182.79
20170223;190.64
20170224;188.33
20170225;188.9
20170226;195.87
20170227;201.14
20170228;205.42
20170301;218.8
20170302;230.16
20170303;238.86
20170304;230.78
20170305;233.68
20170306;239.31
20170307;232.08
20170308;211.99
20170309;226.13
20170310;225.12
20170311;254.08
20170312;269.52
20170313;295.05
20170314;302.1
20170315;334.29
20170316;373.11
20170317;362.76
20170318;321.63
20170319;364.12
20170320;359.44
20170321;363.72
20170322;359.18
20170323;377.09
20170324;406.34
20170325;387.13
20170326;390
20170327;381.23
20170328;389.32
20170329;403.48
20170330;420.91
20170331;434.55
20170401;437.65
20170402;538.02
20170403;457.12
20170404;477.23
20170405;485.61
20170406;469.7
20170407;476.53
20170408;483.47
20170409;473.26
20170410;475.3
20170411;471.49
20170412;493.65
20170413;498.24
20170414;490.13
20170415;497.5
20170416;492.64
20170417;494.16
20170418;498.93
20170419;485.75
20170420;495.3
20170421;507.55
20170422;509.63
20170423;518.79
20170424;521.58
20170425;526.83
20170426;542.6
20170427;589.3
20170428;640.57
20170429;676.07
20170430;704.51
20170501;714.47
20170502;713.49
20170503;761.82
20170504;859.25
20170505;886.29
20170506;928.75
20170507;1025.13
20170508;1151.79
20170509;1070.58
20170510;1145.21
20170511;1149.32
20170512;1165.42
20170513;1201.85
20170514;1215.87
20170515;1295.49
20170516;1440.9
20170517;1539.34
20170518;1596.26
20170519;1617.33
20170520;1678.8
20170521;1725.88
20170522;1733
20170523;1890
20170524;1958.06
20170525;1711.17
20170526;1696.51
20170527;1510.8
20170528;1635
20170529;1722.23
20170530;1732.24
20170531;1860.12
20170601;2039
20170602;1991.75
20170603;1995.95
20170604;2050.01
20170605;2116.5
20170606;2190.81
20170607;2093.9
20170608;2160.02
20170609;2201.78
20170610;2327.43
20170611;2420.53
20170612;2391.45
20170613;2436.83
20170614;2240.9
20170615;2206.42
20170616;2269.3
20170617;2415.11
20170618;2343.45
20170619;2426.84
20170620;2484.26
20170621;2318.89
20170622;2337.12
20170623;2373.85
20170624;2239.57
20170625;2118.5
20170626;1989.67
20170627;2147.69
20170628;2239.24
20170629;2142.85
20170630;2070.87
20170701;1970.28
20170702;2104.33
20170703;2114.95
20170704;2129.93
20170705;2130.22
20170706;2119.47
20170707;1964.44
20170708;2007.79
20170709;1947.17
20170710;1717.25
20170711;1648.2
20170712;1829.51
20170713;1745.55
20170714;1662.2
20170715;1471.02
20170716;1373.97
20170717;1619.3
20170718;1747.39
20170719;1618.89
20170720;1936.02
20170721;1844.3
20170722;1974.59
20170723;1932.76
20170724;1922.28
20170725;1773.87
20170726;1773.65
20170727;1806.88
20170728;1772.53
20170729;1808.15
20170730;1758.02
20170731;1811.27
20170801;1898.66
20170802;2012.14
20170803;2008.41
20170804;1973.32
20170805;2174.89
20170806;2195.18
20170807;2288.66
20170808;2415.08
20170809;2356.69
20170810;2373.64
20170811;2456.22
20170812;2465.98
20170813;2439.87
20170814;2508.85
20170815;2410.34
20170816;2520.77
20170817;2512.07
20170818;2543.17
20170819;2531.02
20170820;2567.12
20170821;2638.22
20170822;2722.38
20170823;2918.38
20170824;2829.83
20170825;2900.49
20170826;2887.23
20170827;2923.48
20170828;2973.26
20170829;3101.23
20170830;3157.41
20170831;3287.85
20170901;3395.93
20170902;3063.67
20170903;3068.64
20170904;2675.36
20170905;2820.94
20170906;3096.89
20170907;3130.02
20170908;2883.52
20170909;2826.89
20170910;2774.77
20170911;2810.84
20170912;2816.69
20170913;2583.34
20170914;2217.92
20170915;2276.47
20170916;2312.4
20170917;2381.04
20170918;2580.31
20170919;2585.82
20170920;2600.76
20170921;2368.04
20170922;2271.47
20170923;2432.86
20170924;2417.87
20170925;2536.23
20170926;2530.26
20170927;2656.98
20170928;2673.19
20170929;2647.3
20170930;2703.42
20171001;2661.86
20171002;2672.53
20171003;2591.12
20171004;2583.69
20171005;2637.89
20171006;2696.48
20171007;2677.18
20171008;2783.11
20171009;2716.33
20171010;2761.33
20171011;2744.56
20171012;2846.45
20171013;3033.14
20171014;3078.48
20171015;2964.62
20171016;3051.1
20171017;2954.75
20171018;2807.42
20171019;2885.42
20171020;2931.58
20171021;2866.3
20171022;2853.58
20171023;2751.78
20171024;2865.51
20171025;2769.3
20171026;2863.31
20171027;2838.2
20171028;2821.99
20171029;2972.73
20171030;3001.42
20171031;3049.86
20171101;3054.31
20171102;3023.49
20171103;3341.69
20171104;3307.84
20171105;3291.63
20171106;3303.75
20171107;3224.73
20171108;3417.04
20171109;3499.22
20171110;3518
20171111;3824.57
20171112;3982.78
20171113;3937.06
20171114;4049.56
20171115;4056.16
20171116;4031.91
20171117;4144.37
20171118;4281.5
20171119;4327.19
20171120;4457.72
20171121;4502.27
20171122;4564.9
20171123;4949.17
20171124;5190.33
20171125;5372.43
20171126;5345.79
20171127;5537.23
20171128;5620.32
20171129;5879.77
20171130;4997.84
20171201;5615.05
20171202;5669.81
20171203;6100.15
20171204;5967.01
20171205;6057.87
20171206;6237.12
20171207;6319.8
20171208;6771.66
20171209;6813.91
20171210;6683.72
20171211;7137.77
20171212;8311.28
20171213;8830.64
20171214;9059.15
20171215;9418.3
20171216;9568.25
20171217;9782.32
20171218;10140.91
20171219;10767.4
20171220;11254.71
20171221;10911.2
20171222;8701.34
20171223;10622.12
20171224;9205.58
20171225;9841.13
20171226;10373.14
20171227;10021.01
20171228;9786.16
20171229;10998.39
20171230;10022.34
20171231;10939.77
20180101;10541.82
20180102;11803.08
20180103;12723.88
20180104;13707.1
20180105;13041.54
20180106;13729.65
20180107;14033.24
20180108;13191.37
20180109;13445.25
20180110;13344.87
20180111;12968.65
20180112;12814.1
20180113;13674.32
20180114;12787.41
20180115;13023.2
20180116;10646.83
20180117;8740.38
20180118;10682.48
20180119;10537.84
20180120;11445.53
20180121;10065.36
20180122;9297.41
20180123;10091.66
20180124;9805.73
20180125;9727.66
20180126;9799.03
20180127;10125.18
20180128;10612.33
20180129;10394.62
20180130;9663.14
20180131;9328.74
20180201;8378.9
20180202;8198.48
20180203;8449.73
20180204;7567.7
20180205;6332.27
20180206;6241.46
20180207;6987.11
20180208;7209.74
20180209;7567.02
20180210;7527.7
20180211;7584.68
20180212;7815.03
20180213;7652.78
20180214;8358.95
20180215;8771.02
20180216;8845.34
20180217;9285.83
20180218;8931.04
20180219;9169.39
20180220;9250.01
20180221;8230.36
20180222;7819.83
20180223;8075.93
20180224;7893.08
20180225;7746.64
20180226;8216.31
20180227;8387.61
20180228;8197.87
20180301;8354.98
20180302;8247.76
20180303;8454.9
20180304;8379.38
20180305;8661.61
20180306;8147.96
20180307;7327.85
20180308;7069.52
20180309;6608.84
20180310;7134.19
20180311;6962.88
20180312;6864.27
20180313;6867.39
20180314;6261.96
20180315;5911.27
20180316;6233.39
20180317;5738.23
20180318;5007.68
20180319;5854.68
20180320;6172.62
20180321;6152.56
20180322;5918.72
20180323;5909.16
20180324;6058.33
20180325;5836.61
20180326;5444.59
20180327;5411.35
20180328;5194.15
20180329;4859.29
20180330;4379.17
20180331;4708.91
20180401;4417.35
20180402;4537.37
20180403;4803.71
20180404;4477.18
20180405;4400.56
20180406;4299.21
20180407;4554.28
20180408;4572.29
20180409;4472.93
20180410;4568.04
20180411;4693.18
20180412;5158.76
20180413;5782.75
20180414;5530.49
20180415;5797.25
20180416;5574.94
20180417;5792.41
20180418;5861.17
20180419;6202.05
20180420;6698.36
20180421;6783.71
20180422;7075.79
20180423;7189.9
20180424;7712.62
20180425;6972.46
20180426;7149.63
20180427;7545.62
20180428;7664.55
20180429;7714.53
20180430;7641.42
20180501;7379.72
20180502;7667.75
20180503;8169.25
20180504;8132.17
20180505;8534.11
20180506;8247.42
20180507;7873.54
20180508;7746.74
20180509;7893.34
20180510;7941.7
20180511;7099.7
20180512;6779.21
20180513;7350.12
20180514;7340.48
20180515;7136.34
20180516;6804.12
20180517;6837.94
20180518;6636.23
20180519;6794.9
20180520;7033.58
20180521;6859.55
20180522;6698.19
20180523;5928.88
20180524;5975.47
20180525;5981.94
20180526;6061.98
20180527;5855.6
20180528;5564.19
20180529;5794.07
20180530;5679.81
20180531;5933.72
20180601;5880.21
20180602;6161.51
20180603;6375.09
20180604;6063.99
20180605;6234.49
20180606;6124.58
20180607;6306.45
20180608;6217.17
20180609;6175.04
20180610;5763.28
20180611;5316.1
20180612;5292.65
20180613;4820.99
20180614;5115.12
20180615;5140.46
20180616;5069.6
20180617;5053.54
20180618;5140.97
20180619;5246.23
20180620;5271.13
20180621;5201.38
20180622;4718.11
20180623;4637.91
20180624;4560.67
20180625;4650.07
20180626;4507.84
20180627;4452.16
20180628;4419.87
20180629;4181.54
20180630;4540.9
20180701;4521.81
20180702;4603.72
20180703;4822.04
20180704;4839.98
20180705;4761.15
20180706;4689.36
20180707;4674.09
20180708;4862.97
20180709;4769.23
20180710;4428.46
20180711;4422.14
20180712;4323.36
20180713;4403.16
20180714;4402.5
20180715;4528.7
20180716;4745.26
20180717;4795.02
20180718;5192.45
20180719;4942.93
20180720;4905
20180721;4884.95
20180722;4947.08
20180723;4916.54
20180724;5140.21
20180725;5145.84
20180726;5165.61
20180727;5101.79
20180728;5077.33
20180729;5083.45
20180730;4987.38
20180731;4758.18
20180801;4677.73
20180802;4613.18
20180803;4582.81
20180804;4396.1
20180805;4413.06
20180806;4369.64
20180807;4427.46
20180808;3751.85
20180809;3888.11
20180810;3825.92
20180811;3466.67
20180812;3617.3
20180813;3475.67
20180814;3148.29
20180815;3571.74
20180816;3449.1
20180817;3593.62
20180818;3483.41
20180819;3579.47
20180820;3555.91
20180821;3458.74
20180822;3440.2
20180823;3441.9
20180824;3456.99
20180825;3536.59
20180826;3477.83
20180827;3549.66
20180828;3705.31
20180829;3726.08
20180830;3603.52
20180831;3676.25
20180901;3898.99
20180902;3886.82
20180903;3827.16
20180904;3873.81
20180905;3416.12
20180906;3206.07
20180907;3191.03
20180908;3130.33
20180909;3072.63
20180910;2955.74
20180911;2896.58
20180912;2832.26
20180913;3128.94
20180914;3138.15
20180915;3189.67
20180916;3129.61
20180917;2990.28
20180918;3128.66
20180919;3113.07
20180920;3224.32
20180921;3722.51
20180922;3724.59
20180923;3812.64
20180924;3647.77
20180925;3336.34
20180926;3644.7
20180927;3635.42
20180928;3687.69
20180929;3721.08
20180930;3793.59
20181001;3705.32
20181002;3670.71
20181003;3594.99
20181004;3635.76
20181005;3607.39
20181006;3555.79
20181007;3543.4
20181008;3632.4
20181009;3584.1
20181010;3538.33
20181011;3219.94
20181012;3232.3
20181013;3225.57
20181014;3246.52
20181015;3412.64
20181016;3389.54
20181017;3416.5
20181018;3373.04
20181019;3357.11
20181020;3368.28
20181021;3383.22
20181022;3355.42
20181023;3320.59
20181024;3360.9
20181025;3341.75
20181026;3334.86
20181027;3332.9
20181028;3344.34
20181029;3227.31
20181030;3225.45
20181031;3262.45
20181101;3260.57
20181102;3328.28
20181103;3324.31
20181104;3462.19
20181105;3499.97
20181106;3626.3
20181107;3668.69
20181108;3569.57
20181109;3527.87
20181110;3538.39
20181111;3483.26
20181112;3535.24
20181113;3525.86
20181114;3078.18
20181115;3002.35
20181116;3030.35
20181117;3038
20181118;3099
20181119;2794.57
20181120;2595.14
20181121;2480.92
20181122;2422.34
20181123;2277.68
20181124;2286.99
20181125;2009.07
20181126;2078.57
20181127;2018.35
20181128;2231.39
20181129;2258.21
20181130;2147.67
20181201;2237.82
20181202;2186.2
20181203;2023.35
20181204;2069.84
20181205;1926.65
20181206;1857.83
20181207;1644.56
20181208;1710.38
20181209;1833.1
20181210;1744.05
20181211;1683.64
20181212;1755.87
20181213;1721.12
20181214;1591.17
20181215;1572.46
20181216;1640.4
20181217;1752.71
20181218;1842.42
20181219;2033.45
20181220;2216.19
20181221;2117.14
20181222;2095.3
20181223;2226.19
20181224;2396.36
20181225;2126.03
20181226;2129.43
20181227;2099.57
20181228;2197.89
20181229;2183.54
20181230;2179.22
20181231;2140.35
20190101;2120.38
20190102;2279.07
20190103;2169.61
20190104;2178.95
20190105;2269.34
20190106;2256.71
20190107;2306.2
20190108;2309.12
20190109;2314.43
20190110;2031.25
20190111;2024.87
20190112;2007.52
20190113;1906.07
20190114;2053.32
20190115;2031.18
20190116;1999.83
20190117;1993.91
20190118;1995.66
20190119;2059.54
20190120;1938.21
20190121;1950.37
20190122;1972.44
20190123;1972.65
20190124;1972.86
20190125;1946.22
20190126;1967.89
20190127;1930.2
20190128;1789.62
20190129;1810.1
20190130;1881.01
20190131;1838.61
20190201;1841.53
20190202;1851.17
20190203;1846.68
20190204;1835.27
20190205;1825.32
20190206;1810.09
20190207;1795.77
20190208;2000.5
20190209;1971.45
20190210;1967.63
20190211;1953.67
20190212;1949.81
20190213;1956.56
20190214;1946.96
20190215;1941.87
20190216;1968.33
20190217;1970.9
20190218;2183.4
20190219;2237.66
20190220;2240.11
20190221;2180.68
20190222;2220.25
20190223;2252.83
20190224;2080.43
20190225;2150.56
20190226;2112.56
20190227;2114.28
20190228;2114.58
20190301;2145.14
20190302;2096.7
20190303;2094.23
20190304;2021
20190305;2139.49
20190306;2167.43
20190307;2164.03
20190308;2154.86
20190309;2163.82
20190310;2157.84
20190311;2141.82
20190312;2163.33
20190313;2147.92
20190314;2156.33
20190315;2213.61
20190316;2264.63
20190317;2251.25
20190318;2229
20190319;2254.32
20190320;2264
20190321;2184.9
20190322;2240.54
20190323;2245.13
20190324;2234.16
20190325;2210.32
20190326;2181.96
20190327;2268.27
20190328;2273.85
20190329;2306.52
20190330;2305.7
20190331;2310.46
20190401;2329.03
20190402;2628.91
20190403;2957.68
20190404;2698.93
20190405;2835.64
20190406;2919.54
20190407;2879.6
20190408;2919.85
20190409;2905.47
20190410;2947.9
20190411;2730
20190412;2760.4
20190413;2735.3
20190414;2747.76
20190415;2795.42
20190416;2762.05
20190417;2812.45
20190418;2877.68
20190419;2868.08
20190420;2874.32
20190421;2778.28
20190422;2808.09
20190423;2880.35
20190424;2699.7
20190425;2745.45
20190426;2627.92
20190427;2671.55
20190428;2689.33
20190429;2625.38
20190430;2716.98
20190501;2734.2
20190502;2757.28
20190503;2883.3
20190504;2787.36
20190505;2825.7
20190506;2892.4
20190507;2910.91
20190508;2835.6
20190509;2827.18
20190510;2893.67
20190511;3149.62
20190512;3077.95
20190513;3416.35
20190514;3592.6
20190515;3861.78
20190516;3938.34
20190517;3500.29
20190518;3600.56
20190519;3857.49
20190520;3769.24
20190521;3839.3
20190522;3829.91
20190523;3719.67
20190524;3885.08
20190525;3857.11
20190526;3831.55
20190527;4179.65
20190528;4233.1
20190529;4309.27
20190530;4272.94
20190531;4099.38
20190601;4216.33
20190602;4252.24
20190603;4170.46
20190604;3874.96
20190605;3808.41
20190606;3821.02
20190607;4000.85
20190608;3850.49
20190609;3705.73
20190610;3880.56
20190611;3877.41
20190612;4044.31
20190613;4051.55
20190614;3986.08
20190615;4231.57
20190616;4334.52
20190617;4316.03
20190618;4219.44
20190619;4288.06
20190620;4302.01
20190621;4528.12
20190622;4876.85
20190623;4854.64
20190624;4868.92
20190625;4860.06
20190626;5447.26
20190627;4490.38
20190628;4740.18
20190629;4777.42
20190630;4603.79
20190701;4324.26
20190702;4380.39
20190703;4481.77
20190704;4604.94
20190705;4439.3
20190706;4575.89
20190707;4476.83
20190708;4671.67
20190709;4751.49
20190710;4459.49
20190711;4203.41
20190712;4245.13
20190713;4159.17
20190714;3814.82
20190715;3808.89
20190716;3470.63
20190717;3568.27
20190718;3766.36
20190719;3701.25
20190720;3953.57
20190721;3747.82
20190722;3677.46
20190723;3588.24
20190724;3534.67
20190725;3672.21
20190726;3655.92
20190727;3487.95
20190728;3510.4
20190729;3526.85
20190730;3585.3
20190731;3645.68
20190801;3648.84
20190802;3670.21
20190803;3769.24
20190804;3772.97
20190805;4001.53
20190806;3910.73
20190807;3835.29
20190808;3831.44
20190809;3711.07
20190810;3638.54
20190811;3751.79
20190812;3729.73
20190813;3631.73
20190814;3452.88
20190815;3298.03
20190816;3328.1
20190817;3303.42
20190818;3466.85
20190819;3479.29
20190820;3456.11
20190821;3286.8
20190822;3347.73
20190823;3404.14
20190824;3305.26
20190825;3298.73
20190826;3341.16
20190827;3316.65
20190828;3294.9
20190829;3013.5
20190830;3042
20190831;3041.49
20190901;3037.24
20190902;3114.85
20190903;3264.17
20190904;3214.44
20190905;3163.1
20190906;3237.35
20190907;3232.78
20190908;3262.77
20190909;3232.46
20190910;3235.92
20190911;3160.54
20190912;3189.52
20190913;3196.01
20190914;3278.44
20190915;3271.87
20190916;3267.23
20190917;3482.69
20190918;3586.76
20190919;3539.56
20190920;3474.46
20190921;3475.05
20190922;3374.18
20190923;3372.93
20190924;3120.93
20190925;2765.92
20190926;2629.41
20190927;2692.87
20190928;2747.03
20190929;2707.18
20190930;2851.6
20191001;2849.51
20191002;2809.69
20191003;2773.8
20191004;2828.62
20191005;2816.64
20191006;2775.88
20191007;2922.24
20191008;2880.99
20191009;3027.01
20191010;2983.78
20191011;2902.11
20191012;2921.14
20191013;2977.6
20191014;2976.69
20191015;2907.86
20191016;2826.53
20191017;2906.39
20191018;2831.77
20191019;2856.27
20191020;2895.06
20191021;2881.21
20191022;2895.46
20191023;2640.22
20191024;2696.76
20191025;2985.16
20191026;3037.62
20191027;3194.45
20191028;3138.54
20191029;3191.7
20191030;3098.42
20191031;3135.2
20191101;3102.96
20191102;3175.78
20191103;3107.97
20191104;3183.65
20191105;3251.81
20191106;3245.08
20191107;3178.61
20191108;3060.11
20191109;3071.82
20191110;3177.65
20191111;3099.71
20191112;3083.2
20191113;3108.69
20191114;3058.8
20191115;2972.6
20191116;2998.18
20191117;3023.55
20191118;2961.31
20191119;2828.09
20191120;2844.77
20191121;2638.98
20191122;2456.43
20191123;2539.95
20191124;2434.74
20191125;2477.78
20191126;2439.03
20191127;2529.26
20191128;2565.62
20191129;2603.31
20191130;2574.66
20191201;2515.38
20191202;2482.83
20191203;2475.08
20191204;2509.06
20191205;2444.97
20191206;2477.35
20191207;2499.13
20191208;2521.31
20191209;2476.23
20191210;2427.31
20191211;2410.7
20191212;2411.03
20191213;2435.75
20191214;2374.5
20191215;2398.9
20191216;2368.87
20191217;2184.02
20191218;2190.25
20191219;2217.61
20191220;2240.41
20191221;2228.66
20191222;2277.43
20191223;2313.06
20191224;2256.17
20191225;2199.13
20191226;2264.62
20191227;2237.41
20191228;2299.05
20191229;2339.53
20191230;2303.92
20191231;2284.62
20200101;2326.27
20200102;2228.79
20200103;2340.33
20200104;2327.6
20200105;2387.59
20200106;2471.74
20200107;2504
20200108;2488.97
20200109;2440.61
20200110;2554.65
20200111;2656.93
20200112;2625.5
20200113;2622.82
20200114;3026.05
20200115;3066.86
20200116;3000.86
20200117;3133.27
20200118;3130.85
20200119;3006.35
20200120;3071.12
20200121;3084.08
20200122;3093.48
20200123;2949.15
20200124;2937.95
20200125;2910.17
20200126;2990.26
20200127;3149.83
20200128;3137.84
20200129;3252.33
20200130;3287.25
20200131;3236.55
20200201;3318.55
20200202;3395.63
20200203;3329.01
20200204;3356.88
20200205;3560.81
20200206;3662.36
20200207;3700.95
20200208;3790.5
20200209;3849.85
20200210;3784.41
20200211;3919.77
20200212;4144.53
20200213;4158.54
20200214;4276.13
20200215;4010.8
20200216;3702.18
20200217;3863.95
20200218;4010.58
20200219;4049.87
20200220;3721.24
20200221;3835.52
20200222;3780.51
20200223;3895.25
20200224;3792.51
20200225;3566.36
20200226;3222.82
20200227;3399.01
20200228;3228.79
20200229;3210.77
20200301;3177.98
20200302;3367.84
20200303;3264.39
20200304;3251.27
20200305;3409.55
20200306;3422.8
20200307;3437.25
20200308;3023.08
20200309;2837.79
20200310;2881.91
20200311;2805.45
20200312;2094.63
20200313;1872
20200314;1933.79
20200315;1905.77
20200316;1761.28
20200317;1845.01
20200318;1819.31
20200319;2126.67
20200320;2240.58
20200321;2123.67
20200322;2070.55
20200323;2177.97
20200324;2232.17
20200325;2237.62
20200326;2229.04
20200327;2270.34
20200328;2145.57
20200329;2118.05
20200330;2206.05
20200331;2210.91
20200401;2142.53
20200402;2371.77
20200403;2321.4
20200404;2352.93
20200405;2336.51
20200406;2554.15
20200407;2655.68
20200408;2660
20200409;2647.8
20200410;2451.3
20200411;2434.66
20200412;2562.34
20200413;2420.26
20200414;2505.21
20200415;2431.62
20200416;2563.26
20200417;2572.27
20200418;2676.11
20200419;2641.79
20200420;2602.19
20200421;2510.82
20200422;2622.63
20200423;2730.38
20200424;2731.4
20200425;2769.17
20200426;2772.14
20200427;2769.57
20200428;2822.7
20200429;3082.98
20200430;3018.18
20200501;3044.96
20200502;3114.79
20200503;3054.63
20200504;3019.99
20200505;3022.55
20200506;3087.14
20200507;3087.34
20200508;3223.17
20200509;3194.26
20200510;2711.69
20200511;2770.5
20200512;2884.26
20200513;2939.61
20200514;3016.91
20200515;2985.07
20200516;2989.04
20200517;3077.44
20200518;3098.16
20200519;3117.12
20200520;3052.8
20200521;2923.89
20200522;3024.15
20200523;2997.37
20200524;2944.16
20200525;2921.74
20200526;2889.39
20200527;2987.94
20200528;3062.83
20200529;3102.32
20200530;3215.28
20200531;3215.11
20200601;3230.78
20200602;3184.4
20200603;3235.57
20200604;3279.16
20200605;3271.49
20200606;3242.18
20200607;3188.45
20200608;3258.35
20200609;3253.08
20200610;3261.22
20200611;3051.81
20200612;3136.77
20200613;3145.77
20200614;3113.52
20200615;3056.23
20200616;3114.66
20200617;3089.59
20200618;3092.1
20200619;3067.12
20200620;3036.14
20200621;3069.33
20200622;3177.22
20200623;3192.15
20200624;3074.5
20200625;3076.34
20200626;3031.44
20200627;2989.67
20200628;2983.78
20200629;2963.1
20200630;2979.46
20200701;3025.83
20200702;2950.4
20200703;2981.85
20200704;2975.69
20200705;2957.5
20200706;3139.09
20200707;3135.47
20200708;3251.07
20200709;3185.75
20200710;3180.78
20200711;3182.53
20200712;3195.51
20200713;3253.66
20200714;3205.51
20200715;3197.73
20200716;3132.25
20200717;3147.13
20200718;3161.4
20200719;3152.97
20200720;3173.77
20200721;3230.38
20200722;3223.67
20200723;3463.92
20200724;3424.33
20200725;3523.15
20200726;3625.92
20200727;3758.9
20200728;3900.74
20200729;3973.67
20200730;3958.93
20200731;4165.1
20200801;4317.2
20200802;4346.23
20200803;4443.49
20200804;4392.93
20200805;4517.4
20200806;4582.36
20200807;4452.7
20200808;4507.63
20200809;4498.9
20200810;4585.94
20200811;4428.43
20200812;4452.73
20200813;4506.99
20200814;4793.96
20200815;4860.4
20200816;4866.91
20200817;5023.11
20200818;4809
20200819;4637.37
20200820;4687.19
20200821;4522.96
20200822;4474.85
20200823;4477.07
20200824;4597.89
20200825;4314.38
20200826;4427.21
20200827;4270.17
20200828;4437.35
20200829;4496.7
20200830;4638.04
20200831;4666.06
20200901;4908.31
20200902;4504.11
20200903;4167.02
20200904;4085.31
20200905;3900.55
20200906;3925.42
20200907;3884.38
20200908;3868.69
20200909;3928.71
20200910;4006.4
20200911;3989.7
20200912;4039.83
20200913;3963.38
20200914;4152.25
20200915;4072.4
20200916;4088.63
20200917;4095.09
20200918;4107.02
20200919;4134.68
20200920;4013.6
20200921;3735.51
20200922;3770.9
20200923;3773.28
20200924;3836.89
20200925;3883.51
20200926;3957.95
20200927;3973.69
20200928;4056.56
20200929;3955.18
20200930;4008.51
20201001;3899.33
20201002;3854.96
20201003;3885.75
20201004;3907.99
20201005;3975.21
20201006;3966.63
20201007;3868.4
20201008;3986.4
20201009;4083.05
20201010;4169
20201011;4194.35
20201012;4284.37
20201013;4233.63
20201014;4185.9
20201015;4182.77
20201016;4106.93
20201017;4087.25
20201018;4163.95
20201019;4236.78
20201020;4168.84
20201021;4437.13
20201022;4599.57
20201023;4491.18
20201024;4613.02
20201025;4568.15
20201026;4431.33
20201027;4674.22
20201028;4463.17
20201029;4512.97
20201030;4406.51
20201031;4495.08
20201101;4483.55
20201102;4405.25
20201103;4355.92
20201104;4467.9
20201105;4708.63
20201106;4924.8
20201107;4964.16
20201108;4972.4
20201109;4857.6
20201110;4891.48
20201111;5067.32
20201112;5008.63
20201113;5122.55
20201114;5014.29
20201115;5034.62
20201116;5187.4
20201117;5468.17
20201118;5402.98
20201119;5506.87
20201120;5796.27
20201121;6211.33
20201122;6293.83
20201123;6666.94
20201124;7203.47
20201125;7060.11
20201126;5748.5
20201127;5949.9
20201128;6399.36
20201129;6468.34
20201130;6945.08
20201201;6828.04
20201202;6709.08
20201203;6969.68
20201204;6682.93
20201205;6717.27
20201206;6759.14
20201207;6779.72
20201208;6553.74
20201209;6404.7
20201210;6369.3
20201211;6221.87
20201212;6217.6
20201213;6604.72
20201214;6437.71
20201215;6485.34
20201216;6979.58
20201217;7796.02
20201218;7354.18
20201219;7697.41
20201220;7588.26
20201221;7206.28
20201222;7167.41
20201223;6628.84
20201224;6504.2
20201225;6858.3
20201226;7252.49
20201227;7584.58
20201228;7763.71
20201229;7352.5
20201230;7757.15
20201231;7740.67
20210101;7988.3
20210102;8542.9
20210103;9239.49
20210104;9409.9
20210105;10014.2
20210106;11055.04
20210107;11931.85
20210108;11716.97
20210109;11816.38
20210110;12086
20210111;9242.68
20210112;10532.85
20210113;10563.34
20210114;11869.26
20210115;11331.5
20210116;12331.18
20210117;12073.25
20210118;12113.43
20210119;12996.62
20210120;12039.04
20210121;10963.53
20210122;11588.64
20210123;11676.71
20210124;11898.53
20210125;12388.84
20210126;11685.47
20210127;11076.82
20210128;11894.57
20210129;12380.17
20210130;12225
20210131;11772.89
20210201;11824.73
20210202;12913.94
20210203;13772.63
20210204;13724.74
20210205;14393.57
20210206;14839.44
20210207;14228.14
20210208;15797.5
20210209;16328.49
20210210;16537.61
20210211;17780.68
20210212;18101.04
20210213;18376.98
20210214;18648.54
20210215;18847.04
20210216;18123.06
20210217;19048.53
20210218;19562.66
20210219;20135.81
20210220;21650.83
20210221;21298.15
20210222;19227.29
20210223;17176.13
20210224;18153.1
20210225;18571.96
20210226;17992.46
20210227;18121.92
20210228;16434.26
20210301;18656.98
20210302;18185.71
20210303;19308.99
20210304;18664.02
20210305;17657.79
20210306;18027.53
20210307;19018.4
20210308;19152.78
20210309;20541.69
20210310;21079.71
20210311;20697.3
20210312;20378.33
20210313;21414.4
20210314;20955.01
20210315;19942.94
20210316;20117.8
20210317;20275.63
20210318;21182.69
20210319;21111.7
20210320;21295.26
20210321;20555.63
20210322;20514.83
20210323;19883.15
20210324;19824.23
20210325;18255.34
20210326;19378.61
20210327;19841.12
20210328;19905.33
20210329;20622.16
20210330;21024.93
20210331;21222.8
20210401;21917.51
20210402;22668.15
20210403;22839.22
20210404;22716.88
20210405;23403.35
20210406;23686.32
20210407;22614.17
20210408;23342.27
20210409;23563.59
20210410;24500.25
20210411;24611.89
20210412;25426.9
20210413;26603.66
20210414;27272.1
20210415;27662.42
20210416;27354.03
20210417;26801.62
20210418;24326.01
20210419;23869.92
20210420;24985.48
20210421;26165.07
20210422;26830.49
20210423;23681.02
20210424;23144.07
20210425;23983.92
20210426;25213.91
20210427;26535.33
20210428;26878.42
20210429;26666.92
20210430;27997.94
20210501;28847.06
20210502;28902.49
20210503;30662.21
20210504;30450.99
20210505;32787.72
20210506;33418.72
20210507;33695.1
20210508;34243.09
20210509;34486.31
20210510;35097.99
20210511;34207.61
20210512;34165.75
20210513;30925.55
20210514;34057.29
20210515;32368.96
20210516;31507.34
20210517;28322.44
20210518;29657.95
20210519;24488.85
20210520;23721.23
20210521;21497.52
20210522;20983.03
20210523;16309.85
20210524;21022.14
20210525;21826.86
20210526;22993.75
20210527;23348.22
20210528;21080.48
20210529;20176.65
20210530;20876.98
20210531;22270.73
20210601;21752.2
20210602;23809.92
20210603;24438.98
20210604;22852.08
20210605;22545.83
20210606;22831.22
20210607;22783.03
20210608;20000.76
20210609;22020.04
20210610;21400.23
20210611;20793.07
20210612;20494.07
20210613;20755.45
20210614;22501.86
20210615;22379.25
20210616;21217.04
20210617;21138.61
20210618;20077.2
20210619;19948.9
20210620;19083.22
20210621;17143.46
20210622;16772.08
20210623;17657.86
20210624;18285.11
20210625;16732.78
20210626;16308.17
20210627;16952.51
20210628;18443.59
20210629;19367.67
20210630;18091.23
20210701;17912.81
20210702;18100.35
20210703;18771.88
20210704;19519.01
20210705;18518.57
20210706;19131.52
20210707;19506.02
20210708;18264.59
20210709;18386.51
20210710;18366.61
20210711;18456.21
20210712;17822.06
20210713;17476.56
20210714;17407.47
20210715;16681.48
20210716;16774.95
20210717;16430.37
20210718;16441.55
20210719;15769.12
20210720;15198.68
20210721;16839.61
20210722;17022.97
20210723;16759.14
20210724;18142.46
20210725;17664.39
20210726;19782.75
20210727;18722.47
20210728;19694.28
20210729;19636.95
20210730;19481
20210731;20478.51
20210801;21160.97
20210802;21043.1
20210803;20250.32
20210804;21256.82
20210805;21473
20210806;22337.63
20210807;23580.8
20210808;23142.12
20210809;24283.94
20210810;23917.48
20210811;25714.87
20210812;24002.41
20210813;25983.74
20210814;26580.76
20210815;25964.93
20210816;26969.3
20210817;26220.66
20210818;26196.81
20210819;25922.24
20210820;28053.12
20210821;28285.25
20210822;27755.82
20210823;29438.85
20210824;27539.36
20210825;28316.58
20210826;26884.95
20210827;28167.68
20210828;28353.33
20210829;28188.56
20210830;28092.83
20210831;28499.98
20210901;29906.55
20210902;30595.58
20210903;31694.22
20210904;31170.38
20210905;31453.33
20210906;31973.72
20210907;29208.77
20210908;28359.6
20210909;29335.03
20210910;27450.5
20210911;28362.4
20210912;28608.89
20210913;27070.04
20210914;28085.94
20210915;29070.26
20210916;29020.8
20210917;28229.03
20210918;28467.98
20210919;27999.65
20210920;25543.42
20210921;24569.57
20210922;25517.04
20210923;25815.55
20210924;24647.27
20210925;24931.94
20210926;25159.43
20210927;24839.67
20210928;23583.11
20210929;23989.89
20210930;24824.84
20211001;27307.6
20211002;28373.92
20211003;28176.67
20211004;27851.76
20211005;28429.8
20211006;29839.49
20211007;29691.37
20211008;29838.11
20211009;29733.56
20211010;29603.03
20211011;29711.31
20211012;29284
20211013;29584.55
20211014;30786.42
20211015;31951.15
20211016;31997.36
20211017;31652.25
20211018;31604.53
20211019;32019.37
20211020;33982.65
20211021;33025.43
20211022;33010
20211023;33199.48
20211024;32693.1
20211025;34387.78
20211026;33778.49
20211027;31915.36
20211028;33626.99
20211029;34697.3
20211030;33693.48
20211031;33443.97
20211101;34204.13
20211102;35615.31
20211103;35602.96
20211104;35477.71
20211105;35807.64
20211106;35663.05
20211107;36991.36
20211108;38191.69
20211109;38413.25
20211110;39164.82
20211111;37698.41
20211112;36182.31
20211113;37410.86
20211114;36617.92
20211115;37102.59
20211116;34689.28
20211117;34289.14
20211118;32024.44
20211119;33968.95
20211120;33785.24
20211121;34986.77
20211122;33895
20211123;34260.17
20211124;32983.52
20211125;34825.48
20211126;31700.88
20211127;32196.58
20211128;31296.88
20211129;33640.67
20211130;33985.42
20211201;35065.91
20211202;33863.73
20211203;32620.4
20211204;29152.25
20211205;29198.22
20211206;29647.59
20211207;30989.49
20211208;30800.88
20211209;29645.45
20211210;28383
20211211;29051.82
20211212;29272.75
20211213;27460.54
20211214;27292.4
20211215;27155.39
20211216;29151.34
20211217;28202.33
20211218;28245.21
20211219;28327.05
20211220;27521.14
20211221;28720.99
20211222;29311.98
20211223;29315.4
20211224;30252.35
20211225;30084.47
20211226;30182.24
20211227;30824.97
20211228;29035.54
20211229;28240.53
20211230;28070.28
20211231;27910.2
20220101;27919.57
20220102;28604.68
20220103;27834.2
20220104;28046.76
20220105;27652.06
20220106;25276.77
20220107;24355.03
20220108;23707.73
20220109;24053.39
20220110;23491.02
20220111;24430.13
20220112;25611.76
20220113;25299.43
20220114;25401.8
20220115;25765.26
20220116;25962.99
20220117;24948.25
20220118;24384.27
20220119;24292.22
20220120;25116.32
20220121;22106.1
20220122;19122.43
20220123;19436.7
20220124;18387.93
20220125;19675.77
20220126;20736.72
20220127;19618.61
20220128;19645.8
20220129;20032.44
20220130;20091.82
20220131;20499.08
20220201;21237.08
20220202;20270.69
20220203;19858.73
20220204;21786.26
20220205;22401.07
20220206;22489.28
20220207;23889.02
20220208;23046.81
20220209;23916.42
20220210;24107.95
20220211;23131.19
20220212;22172.69
20220213;21961.76
20220214;22194.93
20220215;23238.65
20220216;22937.53
20220217;22241.01
20220218;20986.34
20220219;20914.56
20220220;20092.94
20220221;20360.92
20220222;19617.08
20220223;20486.9
20220224;18788.99
20220225;20529.54
20220226;20898.89
20220227;20820.58
20220228;21513.12
20220301;22472.36
20220302;22923.75
20220303;21910.51
20220304;21129.08
20220305;20716.77
20220306;20564.33
20220307;20186.4
20220308;19878.71
20220309;21691.66
20220310;20369.7
20220311;20097.91
20220312;20273.34
20220313;20162.28
20220314;19975.42
20220315;20207.12
20220316;20639.41
20220317;21281.99
20220318;21752.81
20220319;22386.62
20220320;21658.6
20220321;21843.85
20220322;22549.03
20220323;22932.03
20220324;23676.75
20220325;23312.54
20220326;23600.87
20220327;23894.56
20220328;25399.44
20220329;25543.26
20220330;25758.09
20220331;24785.87
20220401;25516.52
20220402;26027.44
20220403;26013.96
20220404;25640.45
20220405;26040.3
20220406;24109.22
20220407;24109.08
20220408;24118.21
20220409;23530.55
20220410;23882.22
20220411;22191.76
20220412;22340.44
20220413;22652.62
20220414;22081.78
20220415;22278.28
20220416;22212.41
20220417;22375.58
20220418;21705.35
20220419;22853.81
20220420;22853.21
20220421;22907.62
20220422;21827.63
20220423;22015.36
20220424;21702.06
20220425;21722.13
20220426;21265.1
20220427;21319.78
20220428;21610.47
20220429;20852.14
20220430;20553.2
20220501;20574.79
20220502;20447.89
20220503;20344.36
20220504;20819.85
20220505;19978.66
20220506;19656.68
20220507;19420.17
20220508;18320.29
20220509;16468.14
20220510;16282.03
20220511;14440.78
20220512;13737.52
20220513;14172.54
20220514;13726
20220515;14353.69
20220516;13831.32
20220517;14296.1
20220518;13704.68
20220519;14049.11
20220520;13445.74
20220521;13879.17
20220522;14063.57
20220523;14428.38
20220524;13784.97
20220525;13792.78
20220526;13464.18
20220527;12808.73
20220528;12974.6
20220529;13177.52
20220530;13846.76
20220531;14415.33
20220601;13604
20220602;13485.28
20220603;13042.38
20220604;13123.93
20220605;13240.61
20220606;13699.35
20220607;13165.17
20220608;13348.39
20220609;13437.18
20220610;12662.94
20220611;11977.46
20220612;11697.83
20220613;9922.94
20220614;9732.89
20220615;8948.28
20220616;9357.47
20220617;9081.04
20220618;8410.27
20220619;8807.41
20220620;9229.78
20220621;9792.67
20220622;9224.65
20220623;9291.17
20220624;9929.81
20220625;9877.02
20220626;10150.04
20220627;9859.45
20220628;9774.06
20220629;9203.36
20220630;8850.69
20220701;8982.98
20220702;8993.13
20220703;8927.03
20220704;9285.2
20220705;9172.05
20220706;9575.38
20220707;10040.18
20220708;10072.06
20220709;10132.81
20220710;9733.43
20220711;9481.4
20220712;9184.38
20220713;9037.16
20220714;9428.77
20220715;9767.39
20220716;10410.37
20220717;10318.03
20220718;11111.61
20220719;11587.89
20220720;11601.21
20220721;11435.66
20220722;11488.27
20220723;11058.38
20220724;11436.28
20220725;10996.38
20220726;10236.7
20220727;10714.48
20220728;12029.14
20220729;12126.88
20220730;12510.68
20220731;12221.07
20220801;11828.93
20220802;11916.22
20220803;11996.56
20220804;11575.71
20220805;12008.47
20220806;12183.06
20220807;12250.26
20220808;12602.29
20220809;12135.77
20220810;12817.18
20220811;13019.84
20220812;12887.6
20220813;13342.66
20220814;13234.03
20220815;13170.93
20220816;12939.81
20220817;12631.68
20220818;12577.15
20220819;11608.56
20220820;11246.23
20220821;11406.43
20220822;11208.17
20220823;11418.69
20220824;11594.65
20220825;11563.06
20220826;11000.32
20220827;10508.77
20220828;10571.11
20220829;10765.48
20220830;10435.02
20220831;10724.81
20220901;10551.01
20220902;10900.41
20220903;10717.33
20220904;10836.74
20220905;10854.23
20220906;11038.07
20220907;10466.06
20220908;10777.68
20220909;11540.68
20220910;11603.28
20220911;11788.56
20220912;11739.37
20220913;11077.13
20220914;10855.71
20220915;10611.65
20220916;10299.61
20220917;10625.2
20220918;10304.73
20220919;9982.44
20220920;10006.21
20220921;9929.42
20220922;9828.82
20220923;9823.56
20220924;10119.34
20220925;9921.02
20220926;9967.54
20220927;9980.82
20220928;10072.36
20220929;10114.07
20220930;10247.61
20221001;9988.06
20221002;9944.07
20221003;10073.64
20221004;10363.73
20221005;10394.26
20221006;10380.36
20221007;10059.42
20221008;10105.36
20221009;10078.61
20221010;9879.44
20221011;9824.64
20221012;9749.39
20221013;9622.73
20221014;9767.77
20221015;9679.5
20221016;9680.62
20221017;9899.99
20221018;9822.4
20221019;9740.23
20221020;9679.59
20221021;9625.7
20221022;9697.66
20221023;9702.58
20221024;9820.96
20221025;10318.14
20221026;10844.89
20221027;10848.33
20221028;11086.61
20221029;11657.41
20221030;11323.78
20221031;11432.99
20221101;11432.04
20221102;11440.84
20221103;11399.45
20221104;11873.1
20221105;12156.83
20221106;12041.82
20221107;11624.79
20221108;11650.98
20221109;9211.06
20221110;9922.24
20221111;9271.76
20221112;9353.16
20221113;9092.25
20221114;9000.16
20221115;9291.47
20221116;8949.1
20221117;8941.79
20221118;8950.2
20221119;8945.38
20221120;8797.7
20221121;8407.88
20221122;8540.73
20221123;8828.16
20221124;9075.67
20221125;9047.21
20221126;9214.68
20221127;9312.84
20221128;9005.63
20221129;9127.17
20221130;9388.79
20221201;9377.82
20221202;9367.61
20221203;9370.72
20221204;9353.92
20221205;9361.91
20221206;9313.43
20221207;9143.76
20221208;9258.87
20221209;9371.31
20221210;9367.99
20221211;9363.75
20221212;9118.52
20221213;9453.47
20221214;9551.36
20221215;9167
20221216;8641.78
20221217;8500.74
20221218;8557.79
20221219;8518.7
20221220;8659.31
20221221;8604.57
20221222;8502.87
20221223;8640.24
20221224;8631.89
20221225;8589.13
20221226;8614.98
20221227;8584.4
20221228;8449.21
20221229;8482.61
20221230;8417.59
20221231;8488.87
20230101;8447.01
20230102;8591.79
20230103;8560.64
20230104;8842.3
20230105;8792.3
20230106;8848.69
20230107;8881.53
20230108;8946.85
20230109;9475.09
20230110;9354.44
20230111;9329.71
20230112;9702.79
20230113;9995.21
20230114;10869.64
20230115;10882.97
20230116;10871.32
20230117;11003.47
20230118;10673.94
20230119;10672.73
20230120;10916.06
20230121;11619.82
20230122;11534.56
20230123;11486.5
20230124;11511.28
20230125;11168.31
20230126;11451.4
20230127;11518.38
20230128;11489.37
20230129;11782.08
20230130;11515.87
20230131;11606.52
20230201;11431.88
20230202;12107.66
20230203;12035.35
20230204;12090.84
20230205;11821.34
20230206;11851.89
20230207;11833.17
20230208;11905.36
20230209;11624.89
20230210;11057.67
20230211;11081.74
20230212;11327.19
20230213;10734.41
20230214;11153.34
20230215;11460.33
20230216;12382.32
20230217;12053.76
20230218;12292.94
20230219;12350.83
20230220;12355.15
20230221;12079.62
20230222;11707.05
20230223;11869.28
20230224;11499.26
20230225;11460.85
20230226;11540.74
20230227;11648.51
20230228;11624.71
20230301;11718.8
20230302;11468.78
20230303;11095.3
20230304;11057.79
20230305;11095.72
20230306;11087.77
20230307;10928.95
20230308;10918.07
20230309;10669.32
20230310;9984.35
20230311;10064.16
20230312;10270.71
20230313;11658.01
20230314;12327.18
20230315;11336.53
20230316;11790.19
20230317;12249.26
20230318;12670.38
20230319;12864.24
20230320;12541.72
20230321;12865.59
20230322;12847.31
20230323;12940.14
20230324;12528.61
20230325;12487.31
20230326;12498.05
20230327;12151.88
20230328;12176.15
20230329;12637.84
20230330;12591.53
20230331;12819.15
20230401;12741.3
20230402;12652.98
20230403;12564.03
20230404;12938.23
20230405;12948.58
20230406;12900.19
20230407;12732.38
20230408;12810.35
20230409;12704.39
20230410;13017.03
20230411;13386.09
20230412;13297.31
20230413;13675.21
20230414;13812.97
20230415;14088.58
20230416;14178.41
20230417;13937.31
20230418;14144.37
20230419;13539.23
20230420;13069.28
20230421;12970.44
20230422;12837.16
20230423;12781.6
20230424;12555.74
20230425;12640.55
20230426;13497.14
20230427;13143.91
20230428;13078.53
20230429;13157.2
20230430;13323.04
20230501;12803.4
20230502;12812.15
20230503;12803.8
20230504;12952.4
20230505;13335.24
20230506;12846.35
20230507;12993.64
20230508;12553.63
20230509;12456.5
20230510;12588.12
20230511;12141.77
20230512;11930.14
20230513;12137.35
20230514;12231.76
20230515;12416.61
20230516;12263.08
20230517;12224.64
20230518;12274
20230519;12221.11
20230520;12239.47
20230521;12173.31
20230522;12222.53
20230523;12387.94
20230524;11970.8
20230525;11980.92
20230526;12173.7
20230527;12147.34
20230528;12364.01
20230529;12524.37
20230530;12591.67
20230531;12285.2
20230601;12376.36
20230602;12434.77
20230603;12514.98
20230604;12529.01
20230605;11797.83
20230606;12018.08
20230607;11781.14
20230608;11816.93
20230609;11783.53
20230610;10877.05
20230611;11081.93
20230612;11024.03
20230613;11047.04
20230614;11121.38
20230615;10557.48
20230616;10825.64
20230617;11098.5
20230618;11216.84
20230619;11056.86
20230620;11236.6
20230621;12058.39
20230622;12037.33
20230623;12324.92
20230624;12026
20230625;12139.27
20230626;11868.96
20230627;12127.27
20230628;11855.71
20230629;11880.69
20230630;12120.28
20230701;12264.11
20230702;12309.88
20230703;12463.77
20230704;12462.89
20230705;12148.68
20230706;12045.32
20230707;12059.05
20230708;12068.57
20230709;12044.27
20230710;12145.55
20230711;12245.04
20230712;12195.21
20230713;12987.6
20230714;13543.12
20230715;13135.63
20230716;13243.13
20230717;12978.71
20230718;12826.57
20230719;13075.53
20230720;13009.66
20230721;13031.27
20230722;13002.61
20230723;12930.44
20230724;12547.02
20230725;12613.54
20230726;12656.01
20230727;12770.36
20230728;12789.63
20230729;12774.2
20230730;12834.89
20230731;12691.44
20230801;12561.31
20230802;12434.4
20230803;12508.82
20230804;12502.7
20230805;12297.79
20230806;12359.56
20230807;12187.52
20230808;12556.16
20230809;12532.79
20230810;12475.3
20230811;12415.61
20230812;12477.93
20230813;12429.66
20230814;12495.2
20230815;12354.39
20230816;12098.35
20230817;11618.35
20230818;10867.75
20230819;11087.83
20230820;10999.95
20230821;10845.31
20230822;10806.01
20230823;11070.09
20230824;10920.35
20230825;10843
20230826;10892.15
20230827;10983.01
20230828;10936.26
20230829;11569.69
20230830;11244.18
20230831;10893.07
20230901;10707.8
20230902;10757.66
20230903;10743.29
20230904;10757.43
20230905;10772.24
20230906;10677.91
20230907;10752.78
20230908;10724.66
20230909;10772.61
20230910;10607.86
20230911;10289.64
20230912;10596.83
20230913;10659.44
20230914;10795.75
20230915;10754.12
20230916;10840.62
20230917;10799.4
20230918;11051.68
20230919;11058.76
20230920;10980.11
20230921;10723.06
20230922;10724.8
20230923;10753.35
20230924;10737.57
20230925;10680.51
20230926;10670.83
20230927;10686.13
20230928;10986.48
20230929;11048.6
20230930;11115.87
20231001;11151.71
20231002;11337.21
20231003;11128.94
20231004;11121.02
20231005;11027.62
20231006;11179.95
20231007;11173.1
20231008;11133.71
20231009;10765.85
20231010;10765.49
20231011;10578
20231012;10499.43
20231013;10589.53
20231014;10659.51
20231015;10672.74
20231016;10946.7
20231017;11006.29
20231018;10933.61
20231019;10963.82
20231020;11303.02
20231021;11486.38
20231022;11508.67
20231023;11944.52
20231024;12587.84
20231025;12684.04
20231026;12502.61
20231027;12581.86
20231028;12672.59
20231029;12750.53
20231030;12932.1
20231031;12937.21
20231101;12978.9
20231102;13057.88
20231103;13153.08
20231104;13288.37
20231105;13633.16
20231106;13908.93
20231107;13603.73
20231108;14015.28
20231109;14322.23
20231110;14828.7
20231111;15106.87
20231112;14864.2
20231113;14798.83
20231114;14625.51
20231115;14720.29
20231116;14663.43
20231117;14006.85
20231118;14350.97
20231119;14446.42
20231120;14630.06
20231121;14549.46
20231122;14251.66
20231123;14503.07
20231124;14728.01
20231125;14732.71
20231126;14491.41
20231127;14313.54
20231128;14593.57
20231129;14514.03
20231130;14495.7
20231201;14902.24
20231202;14928.14
20231203;15205.12
20231204;15575.6
20231205;15730.85
20231206;16133.46
20231207;16427.58
20231208;16873.61
20231209;17102.03
20231210;17006.07
20231211;16322.17
20231212;16238.24
20231213;16357.26
20231214;16841.9
20231215;16563.12
20231216;16840.54
20231217;16566.77
20231218;16101.68
20231219;16405.08
20231220;16938.41
20231221;17272.86
20231222;17553.74
20231223;17605.25
20231224;18001.78
20231225;18067.53
20231226;17780.1
20231227;18228.48
20231228;18080.81
20231229;17715.62
20231230;17887.36
20231231;17879.65
20240101;17928.39
20240102;18496.52
20240103;17418.35
20240104;17716.37
20240105;17148.4
20240106;17290.51
20240107;17129.36
20240108;17349.36
20240109;17675.71
